0 0.83828125 0.46171875 0.19453125 0.36953125
0 0.459375 0.56015625 0.17578125 0.33046875
0 0.071875 0.5640625 0.1359375 0.271875
0 0.53515625 0.2875 0.16484375 0.3265625
0 0.0671875 0.1859375 0.1265625 0.28671875
0 0.6109375 0.55859375 0.14375 0.25625
0 0.55546875 0.82421875 0.18671875 0.3296875
0 0.27578125 0.596875 0.18515625 0.36484375
0 0.68515625 0.1453125 0.18359375 0.27734375
0 0.915625 0.8734375 0.1125 0.240625
0 0.30234375 0.25 0.14765625 0.2875
0 0.07109375 0.82578125 0.1390625 0.271875
0 0.4578125 0.09921875 0.11875 0.18515625
0 0.134375 0.359375 0.1125 0.18203125
0 0.75546875 0.81875 0.2140625 0.35390625
0 0.3578125 0.86875 0.1734375 0.25234375
0 0.86953125 0.11875 0.1734375 0.234375