0 0.85 0.6984375 0.15859375 0.296875
0 0.85234375 0.21171875 0.196875 0.32578125
0 0.13828125 0.78671875 0.21328125 0.32734375
0 0.90546875 0.4765625 0.15234375 0.23203125
0 0.25546875 0.51953125 0.20625 0.30234375
0 0.36015625 0.7953125 0.1984375 0.32265625
0 0.703125 0.6078125 0.19453125 0.31484375
0 0.5078125 0.68828125 0.19375 0.2875
0 0.66953125 0.13125 0.19140625 0.24765625
0 0.65859375 0.87421875 0.21796875 0.240625
0 0.1 0.3625 0.18125 0.3390625
0 0.37734375 0.2765625 0.19609375 0.32421875
0 0.20546875 0.14765625 0.20390625 0.29140625
0 0.5734375 0.37734375 0.20390625 0.32109375
0 0.48203125 0.1046875 0.18984375 0.14453125