0 0.16640625 0.80703125 0.15390625 0.2359375
0 0.89609375 0.89609375 0.1578125 0.1953125
0 0.0484375 0.8640625 0.0890625 0.24453125
0 0.49765625 0.12265625 0.12265625 0.21796875
0 0.76953125 0.753125 0.1640625 0.27578125
0 0.2140625 0.36640625 0.08046875 0.21015625
0 0.4953125 0.528125 0.13828125 0.24140625
0 0.6453125 0.28984375 0.1 0.1671875
0 0.2203125 0.6 0.1421875 0.24453125
0 0.6328125 0.609375 0.14765625 0.2515625
0 0.91953125 0.6125 0.12265625 0.27890625
0 0.36171875 0.22578125 0.1109375 0.140625
0 0.30234375 0.70703125 0.09140625 0.15703125
0 0.3359375 0.896875 0.16015625 0.2015625
0 0.63203125 0.8765625 0.153125 0.2234375
0 0.30703125 0.4046875 0.13515625 0.23984375
0 0.7609375 0.46953125 0.1453125 0.23828125
0 0.5 0.7796875 0.15703125 0.26640625
0 0.39296875 0.56953125 0.0828125 0.18828125
0 0.5796875 0.36015625 0.1234375 0.2234375
0 0.79140625 0.30390625 0.13828125 0.175
0 0.08203125 0.609375 0.1421875 0.2359375
0 0.44140625 0.34296875 0.125 0.21015625