0 0.7078125 0.421875 0.1 0.16015625
0 0.4671875 0.0640625 0.1125 0.1171875
0 0.14296875 0.47734375 0.17578125 0.2796875
0 0.69453125 0.64140625 0.153125 0.26953125
0 0.31640625 0.365625 0.11328125 0.18359375
0 0.58828125 0.415625 0.1578125 0.23828125
0 0.37734375 0.80234375 0.18828125 0.32578125
0 0.38671875 0.12578125 0.08046875 0.146875
0 0.8390625 0.50703125 0.165625 0.2796875
0 0.69296875 0.21015625 0.1453125 0.2515625
0 0.26796875 0.59453125 0.1390625 0.27890625
0 0.68515625 0.8875 0.17578125 0.20625
0 0.303125 0.2015625 0.12265625 0.15703125
0 0.79296875 0.76328125 0.1328125 0.24765625
0 0.5359375 0.69296875 0.14140625 0.284375
0 0.42421875 0.4859375 0.178125 0.3109375
0 0.45859375 0.24609375 0.1125 0.18984375
0 0.87421875 0.34609375 0.134375 0.16328125