0 0.38125 0.625 0.0953125 0.12890625
0 0.6328125 0.18671875 0.08828125 0.10390625
0 0.25859375 0.80390625 0.10625 0.1328125
0 0.66875 0.28828125 0.1 0.1265625
0 0.4734375 0.4703125 0.08984375 0.11328125
0 0.64296875 0.51171875 0.1 0.13125
0 0.51171875 0.2703125 0.08984375 0.12421875
0 0.17890625 0.6375 0.1 0.08125
0 0.540625 0.3875 0.078125 0.11015625
0 0.659375 0.76328125 0.0984375 0.1296875
0 0.16640625 0.88515625 0.12421875 0.1328125
0 0.82265625 0.73203125 0.0984375 0.11953125
0 0.2546875 0.58046875 0.084375 0.0953125
0 0.1296875 0.78828125 0.11015625 0.090625
0 0.5921875 0.30234375 0.0625 0.11171875
0 0.48828125 0.6453125 0.10078125 0.1328125
0 0.46796875 0.85234375 0.1109375 0.134375
0 0.3640625 0.821875 0.1 0.1515625
0 0.534375 0.7703125 0.10546875 0.1296875
0 0.45234375 0.36015625 0.084375 0.10390625
0 0.5484375 0.53203125 0.078125 0.125
0 0.7078125 0.409375 0.096875 0.1328125
0 0.79765625 0.62109375 0.0828125 0.090625
0 0.62109375 0.3984375 0.07734375 0.096875
0 0.334375 0.715625 0.0921875 0.08125
0 0.28125 0.6734375 0.07265625 0.10625
0 0.425 0.7265625 0.0953125 0.10234375
0 0.1890625 0.7109375 0.0984375 0.0890625