0 0.5859375 0.503125 0.18359375 0.39453125
0 0.29296875 0.846875 0.1546875 0.27890625
0 0.2421875 0.55 0.18359375 0.36953125
0 0.1296875 0.18046875 0.17109375 0.3375
0 0.13828125 0.8046875 0.16796875 0.33046875
0 0.56875 0.13125 0.18203125 0.25390625
0 0.93359375 0.2203125 0.09765625 0.4
0 0.30546875 0.16015625 0.18046875 0.30234375
0 0.41484375 0.68125 0.18125 0.3609375
0 0.65390625 0.84140625 0.18046875 0.3125
0 0.72109375 0.27109375 0.17265625 0.36484375
0 0.7484375 0.62265625 0.1359375 0.3421875
0 0.93515625 0.75703125 0.0859375 0.38515625
0 0.41796875 0.303125 0.196875 0.3609375