0 0.27265625 0.1546875 0.1890625 0.209375
0 0.89453125 0.40625 0.16484375 0.27109375
0 0.50390625 0.3984375 0.2953125 0.4234375
0 0.8765625 0.14140625 0.209375 0.27109375
0 0.9078125 0.66796875 0.1609375 0.4359375
0 0.72109375 0.33828125 0.16640625 0.26640625
0 0.71171875 0.65 0.23046875 0.40234375
0 0.23515625 0.44140625 0.246875 0.38828125
0 0.4671875 0.11875 0.209375 0.2265625
0 0.075 0.60625 0.13046875 0.2734375
0 0.3890625 0.809375 0.27265625 0.340625
0 0.0765625 0.240625 0.1515625 0.43125
0 0.09921875 0.8609375 0.1890625 0.259375