0 0.64296875 0.5140625 0.1609375 0.215625
0 0.765625 0.8828125 0.18203125 0.22578125
0 0.07890625 0.90390625 0.14921875 0.17890625
0 0.43359375 0.29140625 0.12890625 0.1765625
0 0.93515625 0.5109375 0.1046875 0.228125
0 0.328125 0.7890625 0.18125 0.23984375
0 0.20234375 0.5015625 0.15 0.203125
0 0.78984375 0.63359375 0.18203125 0.23359375
0 0.6421875 0.73984375 0.153125 0.190625
0 0.58125 0.31171875 0.1390625 0.20625
0 0.809375 0.253125 0.146875 0.1515625
0 0.4984375 0.65859375 0.1703125 0.2328125
0 0.06640625 0.51640625 0.121875 0.215625
0 0.915625 0.809375 0.14609375 0.26328125
0 0.3078125 0.59140625 0.11328125 0.159375
0 0.49765625 0.10859375 0.128125 0.1921875
0 0.67109375 0.23828125 0.1046875 0.1484375
0 0.14921875 0.68203125 0.153125 0.18046875
0 0.2921875 0.34296875 0.14375 0.2
0 0.778125 0.40234375 0.153125 0.22265625
0 0.58359375 0.90390625 0.1671875 0.17890625
0 0.490625 0.44296875 0.15390625 0.19453125